1.28434019326153
0.969982028740572
1.29643080697273
1.38332476125017
1.21173451836884
1.78735415858919
1.14449028817754
2.98906698592028
2.28315775218714
1.49160480899055
-0.209285279659899
0.530712474544514
2.60762916837131
1.83488402814048
2.89322467408075
1.98081416375002
2.09665422259845
2.74721296652941
1.92192980953853
2.73566873244131
2.07912049297653
1.67936583272857
1.27670798194515
1.4932363927303
3.37975167824518
2.69552204512284
3.34912997008698
0.794457600636926
2.29314821788769
1.88368403294365
0.125549294581201
0.461030714285214
1.68400773240083
2.66337839422343
1.78625464528525
3.48410715599645
0.446603169943304
2.14472302952011
1.62533611055099
3.29868728520129
2.46020347039048
2.38833403124809
1.69103952889577
2.60670122250275
1.22217108922164
1.9733490664791
0.462382514046348
2.29788052645274
1.86962409799275
1.27157507881521
1.92523506160798
1.4759092847451
1.80958060451377
0.438171982560898
1.31927776256578
2.39300426514238
1.45831272206767
1.21851733473598
1.65493601449276
1.02802376568143
2.26254355794394
0.822436608303424
2.34223697502881
-0.493231862253128
0.0917415189066474
2.01052002996414
2.69927932874228
0.874010096134428
0.876615570074275
2.5819860351525
2.62237038116028
0.931673605734155
0.446134109412545
2.73473639423107
1.93172038718727
1.07460412057137
3.31385984829454
0.471714480469499
3.03560955249238
1.20512640122791
1.8648320759817
3.30069554195024
1.47483427009642
0.360362212689892
2.11163820565406
2.31038910204216
2.02164495509542
2.37347564385728
1.89183591384687
2.89482638817926
0.783942282573706
1.00201540716615
2.17389961291055
2.40644201862155
-0.107184992355806
3.00267380951169
2.59888986351938
1.16415825100162
1.71854903688069
1.09450990765555
0.681464075383908
2.49739135611947
0.279579460770208
2.16424769318875
1.59646498927245
2.26714675551127
2.11810775432779
1.74028192496824
0.920045450349996
1.38508336448004
1.97064644867535
2.60785860395185
0.124904130346875
2.64244492801234
2.29981656516653
1.10807111306655
2.01524614713777
2.56548385455465
0.0612369771912845
0.906959116401631
2.6474938120383
1.39295643420773
2.44165287828715
1.65229062079508
3.04221887022796
0.665066567301181
2.96909232261738
2.74711049643783
2.25811307143849
0.498523565795112
1.55547745031506
2.83912708455085
2.75378590302414
2.42883696930017
2.8222154840488
0.825120310308784
0.49734773487311
-0.0458605480704031
2.10406810198376
0.789381169010639
1.79281117477457
1.95788482343301
3.01325540530278
2.10018204532881
1.97935489012626
3.06808843399595
1.35710504337671
2.21761575443793
2.55062185589483
2.63130656560716
1.29571476445336
1.19214129948597
1.30487094974729
2.51763942123774
2.53689933714667
2.82121144268887
1.37922514415252
1.16930434363258
1.93083801264104
2.23418980357464
0.974650965351539
3.23924057217817
1.70221842083637
1.71202125264841
2.94716931210944
0.348829713316356
1.32105057205908
2.97630938880019
-0.14911002996977
3.03663498798104
1.66356314471082
2.79907286770576
2.88146365926208
1.11857030626517
0.481064540152925
2.24501329664305
0.317619834971408
2.68988056524557
3.22386814071666
1.00891785104328
1.71626712508942
2.44789075704635
1.94506524156725
2.35167278226521
1.31154000733076
-0.219951857571236
1.81603458366976
2.15658592644394
2.29800417901903
1.79662369611531
1.46923077748211
0.266202327762252
0.302160722892939
1.23088517123286
3.17909864370747
0.73038534464127
2.70002325752803
1.88510284933377
2.4786780894918
2.05731797354482
1.60940628726612
3.01765050577646
0.697670518731224
2.91798127966934
1.97948144428095
1.93644792484231
2.46560020468421
2.90454492590415
0.700992236628033
1.97795009672992
1.96042868472704
2.18960341680595
0.955142321156883
0.765238948128139
2.35211659714987
2.08482424576608
0.0352136209385104
0.543826458845353
-0.448747936801913
1.14812751563163
2.380921358451
1.23098360093096
2.55157188445088
2.09113423409603
3.01242527024089
1.15228282478189
2.60819677827673
1.46757042534133
2.02407707855971
-0.768186278195651
1.54115812496466
2.27743193694017
2.92994028717942
1.37552428987249
2.02050792678282
-0.0750710704659284
2.64196001129202
1.70628185143533
2.29668110820687
2.13762652245978
0.483142140537552
0.823582710240615
1.63207350039625
1.22051906872324
1.45742034762321
2.68134400865718
2.01288254263192
2.341238037809
0.751383374065928
2.71424429993096
1.57828993340782
0.439363899543738
2.43830929543074
3.1887225989435
0.98850677133496
2.23434451822122
2.82178220533009
1.54708106220323
1.24862136787152
1.3553682223315
2.05430734200201
1.21592005155234
2.90623721679918
2.8081561173704
2.79769889712671
2.35432942940585
1.27098133083153
1.98016968936556
2.23928945361721
0.735488595552075
2.49765811433839
2.58011113466594
1.57218704816231
2.64250100086594
2.26885400597505
1.90971770097709
2.40595592335905
1.13481116510138
3.01198035465072
1.38718971000986
2.64711612613322
0.514065366819796
0.12915925462715
1.10206815275988
2.51755400702138
1.33001482041909
3.41662926016781
2.67320245127246
1.15348077881768
1.07768800413298
0.654307125445314
2.48122307861157
2.76545614029544
0.658861592267287
2.70556947192992
1.45621528910953
0.877109974495881
2.58069687166412
1.4837622830257
0.884247193669947
1.48572237574614
0.802040723854343
1.49542464865222
0.905627266766819
3.37142193337198
0.913823530615623
2.72084688203062
0.751051512171785
0.579346699518104
2.32116884718095
1.79585521160948
2.61632714330339
2.42160159524136
0.784081776968175
0.339860798835668
1.33922083227583
0.440766319159933
0.868073786206792
2.45690208672793
0.397258313816357
2.69762098852013
1.87930955314945
0.501176621828991
1.52757724237523
1.22519407157013
2.55371902620542
1.18328261384888
2.69064785220097
1.03441579996701
1.11879138619878
1.0561802189434
2.03184359520994
1.22235263624276
3.02293901514513
1.24000107162573
2.21799930500264
2.19720633461597
2.89736136075188
2.05761798490044
0.370487565607101
0.470308764451277
2.33748475862741
2.20238733522905
2.65724532918077
1.97606436134969
0.537328730932007
0.85211529946497
2.18858583325275
3.09652745918605
1.52238594063594
2.56859185365675
2.65674935987321
1.23225233174479
1.66302612132051
2.0407654050219
2.0569988567199
0.959613771543738
1.6838495776842
1.43552127252798
2.33071503686501
2.50923759106509
-0.0427564010617751
1.07608213136073
1.30615235468991
1.37655575391319
3.01419508710259
1.13011049702677
1.15837766992309
1.59515240769437
0.394557381255922
3.31406041573182
1.56152570916508
2.52547342867467
0.338315636001899
2.68012233934861
0.707112149920015
2.46108632800741
0.808067774876131
0.962306460334441
1.04667949775727
2.42109374831656
3.29871489367702
1.32576990127055
0.691986787171022
1.24057580171881
0.265250676843987
0.703592759781649
1.59021693291092
2.66623143571776
2.13552710853581
1.60793336117582
1.05477695790947
0.994505722370175
2.84593279554896
1.55881660603445
2.3656137719531
1.65619516593384
0.108380869032033
1.69882741066711
1.77372139955449
2.3473349964641
2.90017036255357
0.133901647301307
1.87044846563608
0.876226190486724
1.64599114935502
3.54011133805023
2.0609604611822
1.02513700272286
2.68612299520544
1.42883131286311
2.37776035441792
2.37494495142523
0.193725722103713
3.80572833348971
2.61079936973896
2.54740406817895
-0.857880621238712
1.09643863433073
0.449361457514913
1.32818749246423
1.84960111621759
2.07195174161125
2.1991401948775
1.99659114751725
0.124241542133112
2.60120878213371
1.62085473712485
1.04145903722451
1.82843378587957
0.700376514895625
2.02964027560462
2.92743429499996
0.417033152478601
2.54920592797772
0.845989850871023
-0.149717373245154
2.30846494958949
2.10602892893871
1.06740773626761
0.405055923695168
1.1649511271206
1.6357260500659
1.46354528087601
2.94745136909627
2.27208649869746
3.2845892935862
1.58198785031106
2.77966333945197
2.17564860701236
1.39956572750832
2.11899514630747
0.645595919866801
3.11854111346997
0.985443656748345
1.80482473727575
1.64730737696234
-0.121405875904118
2.41699102429813
1.20949192440394
0.783167306464923
1.20852831917692
2.99141248279182
2.13408402922463
2.03635072478623
0.573601366583914
1.64398557543344
0.449425021129103
0.527932468439226
1.61017321205914
0.820009515487793
2.3634664154948
0.755181651190694
0.276344422589091
2.80817473089653
3.30028227448301
1.69146919858002
3.37915422455289
2.77031636494464
1.13358477270738
3.15208174906195
2.00434341024672
2.04026975642237
3.04230787979718
2.51964367744809
1.543030510775
2.44934240881858
1.37415076575614
1.0665025543731
0.494358730624625
-0.0118382184588831
2.08727037016949
1.48382678469126
2.26627193279551
2.06968714992458
2.26577483977479
2.4788051987656
0.561012295317656
0.841284309184407
1.11047695410709
2.59878601549523
1.4563992927621
